[gd_scene load_steps=6 format=3 uid="uid://dv3mndf7jo61u"]

[ext_resource type="PackedScene" uid="uid://c673tugqcomqr" path="res://player.tscn" id="1_kyeka"]
[ext_resource type="PackedScene" uid="uid://dwf0wftfinjum" path="res://mob.tscn" id="2_x5ufh"]

[sub_resource type="BoxShape3D" id="BoxShape3D_f1bto"]
size = Vector3(60, 2, 60)

[sub_resource type="BoxMesh" id="BoxMesh_yk2vf"]
size = Vector3(60, 2, 60)

[sub_resource type="GDScript" id="GDScript_qp73c"]
script/source = "
extends Node3D
"

[node name="Main" type="Node3D"]
transform = Transform3D(1, 0, 0, 0, 1, 0, 0, 0, 1, -0.4008, -0.299022, 0.201945)

[node name="StaticBody3D" type="StaticBody3D" parent="."]

[node name="CollisionShape3D" type="CollisionShape3D" parent="StaticBody3D"]
transform = Transform3D(1, 0, 0, 0, 1, 0, 0, 0, 1, 0, -1, 0)
shape = SubResource("BoxShape3D_f1bto")

[node name="MeshInstance3D" type="MeshInstance3D" parent="StaticBody3D"]
transform = Transform3D(1, 0, 0, 0, 1, 0, 0, 0, 1, 0, -1, 0)
mesh = SubResource("BoxMesh_yk2vf")
skeleton = NodePath("../..")

[node name="Player" parent="." instance=ExtResource("1_kyeka")]
transform = Transform3D(1, 0, 0, 0, 1, 0, 0, 0, 1, 5.42937, 2.35524, 1.67869)

[node name="Camera3D" type="Camera3D" parent="Player"]
transform = Transform3D(-0.996041, 0, -0.0888943, 0, 1, 0, 0.0888943, 0, -0.996041, -0.201, 3.075, -4.454)
near = 0.026

[node name="DirectionalLight3D" type="DirectionalLight3D" parent="."]
transform = Transform3D(1, 0, 0, 0, 0.122753, 0.992437, 0, -0.992437, 0.122753, 0.557184, 46.895, 6)

[node name="Mobs_library" type="Node3D" parent="."]
script = SubResource("GDScript_qp73c")

[node name="Mob" parent="Mobs_library" instance=ExtResource("2_x5ufh")]
transform = Transform3D(0.999987, -1.66893e-06, 3.12924e-06, -1.63913e-06, 0.999986, 1.01328e-06, 3.14415e-06, 1.01328e-06, 0.99999, 6.89215, 0.204409, 15.4714)

[node name="Mob2" parent="Mobs_library" instance=ExtResource("2_x5ufh")]
transform = Transform3D(0.999987, -1.66893e-06, 3.12924e-06, -1.63913e-06, 0.999986, 1.01328e-06, 3.14415e-06, 1.01328e-06, 0.99999, 12.2959, 0.204409, 15.4714)

[node name="Mob3" parent="Mobs_library" instance=ExtResource("2_x5ufh")]
transform = Transform3D(0.999987, -1.66893e-06, 3.12924e-06, -1.63913e-06, 0.999986, 1.01328e-06, 3.14415e-06, 1.01328e-06, 0.99999, 21.8603, 0.204409, 15.4714)

[connection signal="select_pressed" from="Player" to="Mobs_library" method="_on_player_select_pressed"]
[connection signal="select_pressed" from="Player" to="Mobs_library/Mob" method="_on_player_select_pressed"]
[connection signal="select_pressed" from="Player" to="Mobs_library/Mob2" method="_on_player_select_pressed"]
[connection signal="targeted" from="Mobs_library/Mob" to="." method="_on_mob_targeted"]
[connection signal="targeted" from="Mobs_library/Mob2" to="." method="_on_mob_targeted"]
[connection signal="targeted" from="Mobs_library/Mob3" to="." method="_on_mob_targeted"]
